1	1	67	147.27	71.37	-2.2	147.27	71.37	-1.7	3800000	1079.8	1079.8	0.01	0	0	3
2	2	71	157.57	71.37	-2.2	157.57	71.37	-1.7	5400000	1757.2	1757.2	0.01	0	0	4
3	3	74	165.07	71.37	-2.2	165.07	71.37	-1.7	8050000	2615.4	2615.4	0.01	0	0	5
4	4	75	195.07	71.37	-2.2	195.07	71.37	-1.7	8050000	2481.7	2481.7	0.01	0	0	5
5	5	78	202.57	71.37	-2.2	202.57	71.37	-1.7	5400000	1590.2	1590.2	0.01	0	0	4
6	6	81	211.97	71.37	-2.2	211.97	71.37	-1.7	3800000	1190.7	1190.7	0.01	0	0	3
7	7	84	219.47	71.37	-2.2	219.47	71.37	-1.7	5400000	1914.9	1914.9	0.01	0	0	4
8	8	86	7.45	71.85	-2.2	7.45	71.85	-1.7	2500000	764.1	764.1	0.01	0	0	2
9	9	87	17.75	71.85	-2.2	17.75	71.85	-1.7	3800000	1065.4	1065.4	0.01	0	0	3
10	10	88	46.85	71.85	-2.2	46.85	71.85	-1.7	5400000	1632.6	1632.6	0.01	0	0	4
11	11	90	51.67	71.85	-2.2	51.67	71.85	-1.7	3800000	1167.3	1167.3	0.01	0	0	3
12	12	91	54.35	71.85	-2.2	54.35	71.85	-1.7	3800000	1095.3	1095.3	0.01	0	0	3
13	13	92	71.25	71.85	-2.2	71.25	71.85	-1.7	8050000	2440.8	2440.8	0.01	0	0	5
14	14	95	78.75	71.85	-2.2	78.75	71.85	-1.7	3800000	1025	1025	0.01	0	0	3
15	15	96	93.75	71.85	-2.2	93.75	71.85	-1.7	5400000	1959.7	1959.7	0.01	0	0	4
16	16	98	100.45	71.85	-2.2	100.45	71.85	-1.7	3800000	1083.8	1083.8	0.01	0	0	3
17	17	100	112.65	71.85	-2.2	112.65	71.85	-1.7	3800000	1176	1176	0.01	0	0	3
18	18	102	118.15	71.85	-2.2	118.15	71.85	-1.7	5400000	1726.4	1726.4	0.01	0	0	4
19	19	103	140.67	71.85	-2.2	140.67	71.85	-1.7	5400000	1818.5	1818.5	0.01	0	0	4
20	20	107	12.65	72.7	-2.2	12.65	72.7	-1.7	3800000	1077.1	1077.1	0.01	0	0	3
21	21	113	59.6	72.7	-2.2	59.6	72.7	-1.7	2500000	808.4	808.4	0.01	0	0	2
22	22	115	63.75	72.7	-2.2	63.75	72.7	-1.7	5400000	1628.2	1628.2	0.01	0	0	4
23	23	120	152.42	72.7	-2.2	152.42	72.7	-1.7	2500000	846.7	846.7	0.01	0	0	2
24	24	133	105.55	72.93	-2.2	105.55	72.93	-1.7	2500000	828	828	0.01	0	0	2
25	25	135	110.65	72.93	-2.2	110.65	72.93	-1.7	3800000	1196.5	1196.5	0.01	0	0	3
26	26	189	7.45	76.2	-2.2	7.45	76.2	-1.7	8050000	2562.3	2562.3	0.01	0	0	5
27	27	191	12.65	76.2	-2.2	12.65	76.2	-1.7	2500000	751.2	751.2	0.01	0	0	2
28	28	192	14.15	76.2	-2.2	14.15	76.2	-1.7	8050000	2433.7	2433.7	0.01	0	0	5
29	29	194	17.75	76.2	-2.2	17.75	76.2	-1.7	8050000	2421.4	2421.4	0.01	0	0	5
30	30	195	46.85	76.2	-2.2	46.85	76.2	-1.7	8050000	2187.5	2187.5	0.01	0	0	5
31	31	196	50.35	76.2	-2.2	50.35	76.2	-1.7	5400000	1619.4	1619.4	0.01	0	0	4
32	32	200	57.75	76.2	-2.2	57.75	76.2	-1.7	5400000	1911.4	1911.4	0.01	0	0	4
33	33	201	59.6	76.2	-2.2	59.6	76.2	-1.7	2500000	897.1	897.1	0.01	0	0	2
34	34	203	63.75	76.2	-2.2	63.75	76.2	-1.7	8050000	2485.6	2485.6	0.01	0	0	5
35	35	205	71.25	76.2	-2.2	71.25	76.2	-1.7	8050000	2399.9	2399.9	0.01	0	0	5
36	36	208	78.75	76.2	-2.2	78.75	76.2	-1.7	5400000	1720.1	1720.1	0.01	0	0	4
37	37	211	100.45	76.2	-2.2	100.45	76.2	-1.7	8050000	2424.4	2424.4	0.01	0	0	5
38	38	213	104.05	76.2	-2.2	104.05	76.2	-1.7	8050000	2614.2	2614.2	0.01	0	0	5
39	39	215	105.55	76.2	-2.2	105.55	76.2	-1.7	2500000	837.7	837.7	0.01	0	0	2
40	40	217	110.65	76.2	-2.2	110.65	76.2	-1.7	5400000	1851.7	1851.7	0.01	0	0	4
41	41	219	114.55	76.2	-2.2	114.55	76.2	-1.7	5400000	1820.2	1820.2	0.01	0	0	4
42	42	221	118.15	76.2	-2.2	118.15	76.2	-1.7	8050000	2596.7	2596.7	0.01	0	0	5
43	43	222	140.67	76.2	-2.2	140.67	76.2	-1.7	8050000	2662.3	2662.3	0.01	0	0	5
44	44	224	147.27	76.2	-2.2	147.27	76.2	-1.7	8050000	2880.6	2880.6	0.01	0	0	5
45	45	227	152.42	76.2	-2.2	152.42	76.2	-1.7	8050000	3313.6	3313.6	0.01	0	0	5
46	46	229	157.57	76.2	-2.2	157.57	76.2	-1.7	5400000	2175	2175	0.01	0	0	4
47	47	232	165.07	76.2	-2.2	165.07	76.2	-1.7	8050000	3203.6	3203.6	0.01	0	0	5
48	48	233	195.07	76.2	-2.2	195.07	76.2	-1.7	8050000	2919.6	2919.6	0.01	0	0	5
49	49	237	202.57	76.2	-2.2	202.57	76.2	-1.7	8050000	3133.4	3133.4	0.01	0	0	5
50	50	239	207.57	76.2	-2.2	207.57	76.2	-1.7	8050000	3159.2	3159.2	0.01	0	0	5
51	51	242	211.97	76.2	-2.2	211.97	76.2	-1.7	8050000	3001.5	3001.5	0.01	0	0	5
52	52	245	219.47	76.2	-2.2	219.47	76.2	-1.7	5400000	2150.3	2150.3	0.01	0	0	4
53	53	255	54.35	76.43	-2.2	54.35	76.43	-1.7	8050000	2613.7	2613.7	0.01	0	0	5
54	54	284	93.75	76.65	-2.2	93.75	76.65	-1.7	5400000	2085.8	2085.8	0.01	0	0	4
55	298	841	0	0	-0.5	0	0	0	5400000	1283.7	1283.7	0.01	0	0	4
56	299	842	3.72	0	-0.5	3.72	0	0	3800000	1043.4	1043.4	0.01	0	0	3
57	300	843	7.45	0	-0.5	7.45	0	0	5400000	1701.7	1701.7	0.01	0	0	4
58	301	846	13.97	0	-0.5	13.97	0	0	3800000	1122.4	1122.4	0.01	0	0	3
59	302	848	20.6	0	-0.5	20.6	0	0	2500000	872.1	872.1	0.01	0	0	2
60	303	849	24.35	0	-0.5	24.35	0	0	5400000	1879.1	1879.1	0.01	0	0	4
61	304	851	31.85	0	-0.5	31.85	0	0	1100000	432.8	432.8	0.01	0	0	1
62	305	853	39.35	0	-0.5	39.35	0	0	1100000	425.1	425.1	0.01	0	0	1
63	306	855	46.85	0	-0.5	46.85	0	0	5400000	1277.1	1277.1	0.01	0	0	4
64	307	856	50.6	0	-0.5	50.6	0	0	3800000	1022.5	1022.5	0.01	0	0	3
65	308	857	54.35	0	-0.5	54.35	0	0	5400000	1634.5	1634.5	0.01	0	0	4
66	309	860	60.82	0	-0.5	60.82	0	0	3800000	1062.5	1062.5	0.01	0	0	3
67	310	862	67.5	0	-0.5	67.5	0	0	2500000	840.3	840.3	0.01	0	0	2
68	311	864	71.6	0	-0.5	71.6	0	0	5400000	1693	1693	0.01	0	0	4
69	312	867	78.75	0	-0.5	78.75	0	0	1100000	416	416	0.01	0	0	1
70	313	869	86.25	0	-0.5	86.25	0	0	1100000	433.5	433.5	0.01	0	0	1
71	314	871	93.75	0	-0.5	93.75	0	0	5400000	1408.8	1408.8	0.01	0	0	4
72	315	872	97.5	0	-0.5	97.5	0	0	3800000	1083.5	1083.5	0.01	0	0	3
73	316	873	101.25	0	-0.5	101.25	0	0	5400000	1694.5	1694.5	0.01	0	0	4
74	317	876	107.72	0	-0.5	107.72	0	0	3800000	1074.7	1074.7	0.01	0	0	3
75	318	878	113.93	0	-0.5	113.93	0	0	3800000	1070.6	1070.6	0.01	0	0	3
76	319	880	118.15	0	-0.5	118.15	0	0	5400000	1860.7	1860.7	0.01	0	0	4
77	320	882	125.65	0	-0.5	125.65	0	0	1100000	450.8	450.8	0.01	0	0	1
78	321	884	133.15	0	-0.5	133.15	0	0	1100000	451.3	451.3	0.01	0	0	1
79	322	887	140.31	0	-0.5	140.31	0	0	5400000	1347.9	1347.9	0.01	0	0	4
80	323	889	144.42	0	-0.5	144.42	0	0	3800000	1065.3	1065.3	0.01	0	0	3
81	324	890	148.17	0	-0.5	148.17	0	0	5400000	1646	1646	0.01	0	0	4
82	325	893	154.64	0	-0.5	154.64	0	0	3800000	1043.9	1043.9	0.01	0	0	3
83	326	895	160.92	0	-0.5	160.92	0	0	3800000	1000.6	1000.6	0.01	0	0	3
84	327	897	165.07	0	-0.5	165.07	0	0	5400000	1764.3	1764.3	0.01	0	0	4
85	328	899	172.57	0	-0.5	172.57	0	0	1100000	417.3	417.3	0.01	0	0	1
86	329	901	180.07	0	-0.5	180.07	0	0	1100000	412.1	412.1	0.01	0	0	1
87	330	903	187.57	0	-0.5	187.57	0	0	1100000	411.4	411.4	0.01	0	0	1
88	331	905	195.07	0	-0.5	195.07	0	0	5400000	1353.6	1353.6	0.01	0	0	4
89	332	906	198.82	0	-0.5	198.82	0	0	5400000	1430	1430	0.01	0	0	4
90	333	908	202.57	0	-0.5	202.57	0	0	2500000	721.1	721.1	0.01	0	0	2
91	334	913	209.04	0	-0.5	209.04	0	0	3800000	1081.5	1081.5	0.01	0	0	3
92	335	915	215.32	0	-0.5	215.32	0	0	5400000	1617.2	1617.2	0.01	0	0	4
93	336	918	219.77	0	-0.5	219.77	0	0	2500000	808.4	808.4	0.01	0	0	2
94	337	921	226.97	0	-0.5	226.97	0	0	1100000	475.9	475.9	0.01	0	0	1
95	338	923	234.47	0	-0.5	234.47	0	0	1100000	453.3	453.3	0.01	0	0	1
96	339	925	241.97	0	-0.5	241.97	0	0	1100000	625.1	625.1	0.01	0	0	1
97	340	927	249.37	0	-0.5	249.37	0	0	1100000	283.2	283.2	0.01	0	0	1
98	341	929	256.37	0	-0.5	256.37	0	0	1100000	246.5	246.5	0.01	0	0	1
99	342	931	263.22	0	-0.5	263.22	0	0	1100000	234.3	234.3	0.01	0	0	1
100	343	933	270.72	0	-0.5	270.72	0	0	1100000	170.3	170.3	0.01	0	0	1
101	344	988	9.8	2.3	-0.5	9.8	2.3	0	2500000	933.4	933.4	0.01	0	0	2
102	345	990	13.97	2.3	-0.5	13.97	2.3	0	3800000	1288.2	1288.2	0.01	0	0	3
103	346	992	56.65	2.3	-0.5	56.65	2.3	0	2500000	895.1	895.1	0.01	0	0	2
104	347	994	60.82	2.3	-0.5	60.82	2.3	0	3800000	1220.5	1220.5	0.01	0	0	3
105	348	995	103.55	2.3	-0.5	103.55	2.3	0	2500000	901.5	901.5	0.01	0	0	2
106	349	997	107.72	2.3	-0.5	107.72	2.3	0	3800000	1177.5	1177.5	0.01	0	0	3
107	350	998	150.47	2.3	-0.5	150.47	2.3	0	2500000	860.1	860.1	0.01	0	0	2
108	351	1000	154.64	2.3	-0.5	154.64	2.3	0	3800000	1171.7	1171.7	0.01	0	0	3
109	352	1001	204.87	2.3	-0.5	204.87	2.3	0	2500000	929.2	929.2	0.01	0	0	2
110	353	1003	209.04	2.3	-0.5	209.04	2.3	0	3800000	1252	1252	0.01	0	0	3
111	354	1019	256.37	3.45	-0.5	256.37	3.45	0	1100000	616.4	616.4	0.01	0	0	1
112	355	1021	263.22	3.45	-0.5	263.22	3.45	0	2500000	829.4	829.4	0.01	0	0	2
113	356	1023	270.72	3.45	-0.5	270.72	3.45	0	1100000	393.7	393.7	0.01	0	0	1
114	357	1024	0	4.35	-0.5	0	4.35	0	5400000	1542	1542	0.01	0	0	4
115	358	1025	3.72	4.35	-0.5	3.72	4.35	0	5400000	1596.3	1596.3	0.01	0	0	4
116	359	1026	7.45	4.35	-0.5	7.45	4.35	0	2500000	849.7	849.7	0.01	0	0	2
117	360	1027	9.8	4.35	-0.5	9.8	4.35	0	3800000	1136.2	1136.2	0.01	0	0	3
118	361	1029	13.97	4.35	-0.5	13.97	4.35	0	3800000	1208.8	1208.8	0.01	0	0	3
119	362	1032	24.35	4.35	-0.5	24.35	4.35	0	5400000	1912.6	1912.6	0.01	0	0	4
120	363	1034	31.85	4.35	-0.5	31.85	4.35	0	3800000	1654	1654	0.01	0	0	3
121	364	1036	39.35	4.35	-0.5	39.35	4.35	0	3800000	1575.1	1575.1	0.01	0	0	3
122	365	1038	46.85	4.35	-0.5	46.85	4.35	0	8050000	2015	2015	0.01	0	0	5
123	366	1039	50.6	4.35	-0.5	50.6	4.35	0	5400000	1565.7	1565.7	0.01	0	0	4
124	367	1040	54.35	4.35	-0.5	54.35	4.35	0	2500000	823.1	823.1	0.01	0	0	2
125	368	1041	56.65	4.35	-0.5	56.65	4.35	0	2500000	844.4	844.4	0.01	0	0	2
126	369	1043	60.82	4.35	-0.5	60.82	4.35	0	3800000	1173.8	1173.8	0.01	0	0	3
127	370	1047	71.6	4.35	-0.5	71.6	4.35	0	8050000	2370.2	2370.2	0.01	0	0	5
128	371	1050	78.75	4.35	-0.5	78.75	4.35	0	3800000	1619.3	1619.3	0.01	0	0	3
129	372	1052	86.25	4.35	-0.5	86.25	4.35	0	3800000	1689.2	1689.2	0.01	0	0	3
130	373	1054	93.75	4.35	-0.5	93.75	4.35	0	8050000	2413.4	2413.4	0.01	0	0	5
131	374	1055	97.5	4.35	-0.5	97.5	4.35	0	3800000	1189.7	1189.7	0.01	0	0	3
132	375	1056	101.25	4.35	-0.5	101.25	4.35	0	5400000	1647.1	1647.1	0.01	0	0	4
133	376	1057	103.55	4.35	-0.5	103.55	4.35	0	2500000	834	834	0.01	0	0	2
134	377	1059	107.72	4.35	-0.5	107.72	4.35	0	3800000	1101.8	1101.8	0.01	0	0	3
135	378	1061	113.93	4.35	-0.5	113.93	4.35	0	5400000	1598	1598	0.01	0	0	4
136	379	1063	118.15	4.35	-0.5	118.15	4.35	0	5400000	1809.2	1809.2	0.01	0	0	4
137	380	1065	125.65	4.35	-0.5	125.65	4.35	0	2500000	1212.5	1212.5	0.01	0	0	2
138	381	1067	133.15	4.35	-0.5	133.15	4.35	0	2500000	1175.8	1175.8	0.01	0	0	2
139	382	1070	140.31	4.35	-0.5	140.31	4.35	0	8050000	2486.3	2486.3	0.01	0	0	5
140	383	1072	144.42	4.35	-0.5	144.42	4.35	0	3800000	1304.8	1304.8	0.01	0	0	3
141	384	1073	148.17	4.35	-0.5	148.17	4.35	0	2500000	901	901	0.01	0	0	2
142	385	1074	150.47	4.35	-0.5	150.47	4.35	0	3800000	1119	1119	0.01	0	0	3
143	386	1076	154.64	4.35	-0.5	154.64	4.35	0	3800000	1158.3	1158.3	0.01	0	0	3
144	387	1078	160.92	4.35	-0.5	160.92	4.35	0	5400000	1658.9	1658.9	0.01	0	0	4
145	388	1080	165.07	4.35	-0.5	165.07	4.35	0	5400000	1882.5	1882.5	0.01	0	0	4
146	389	1082	172.57	4.35	-0.5	172.57	4.35	0	3800000	1661.7	1661.7	0.01	0	0	3
147	390	1084	180.07	4.35	-0.5	180.07	4.35	0	3800000	1693.4	1693.4	0.01	0	0	3
148	391	1086	187.57	4.35	-0.5	187.57	4.35	0	3800000	1655.5	1655.5	0.01	0	0	3
149	392	1088	195.07	4.35	-0.5	195.07	4.35	0	8050000	2229.2	2229.2	0.01	0	0	5
150	393	1089	198.82	4.35	-0.5	198.82	4.35	0	3800000	1279.2	1279.2	0.01	0	0	3
151	394	1090	202.57	4.35	-0.5	202.57	4.35	0	2500000	915.4	915.4	0.01	0	0	2
152	395	1091	204.87	4.35	-0.5	204.87	4.35	0	3800000	1171	1171	0.01	0	0	3
153	396	1093	209.04	4.35	-0.5	209.04	4.35	0	3800000	1196.9	1196.9	0.01	0	0	3
154	397	1095	215.32	4.35	-0.5	215.32	4.35	0	5400000	1669.7	1669.7	0.01	0	0	4
155	398	1098	219.77	4.35	-0.5	219.77	4.35	0	5400000	1844.1	1844.1	0.01	0	0	4
156	399	1101	226.97	4.35	-0.5	226.97	4.35	0	2500000	1182.2	1182.2	0.01	0	0	2
157	400	1103	234.47	4.35	-0.5	234.47	4.35	0	2500000	1054.3	1054.3	0.01	0	0	2
158	401	1105	241.97	4.35	-0.5	241.97	4.35	0	3800000	1998.8	1998.8	0.01	0	0	3
159	402	1107	249.37	4.35	-0.5	249.37	4.35	0	2500000	883.4	883.4	0.01	0	0	2
160	403	1174	125.65	7.25	-0.5	125.65	7.25	0	1100000	570.9	570.9	0.01	0	0	1
161	404	1176	133.15	7.25	-0.5	133.15	7.25	0	1100000	572.1	572.1	0.01	0	0	1
162	405	1259	0	11.85	-0.5	0	11.85	0	5400000	2195.6	2195.6	0.01	0	0	4
163	406	1261	7.45	11.85	-0.5	7.45	11.85	0	8050000	3580.8	3580.8	0.01	0	0	5
164	407	1265	16.85	11.85	-0.5	16.85	11.85	0	8050000	3806.9	3806.9	0.01	0	0	5
165	408	1267	24.35	11.85	-0.5	24.35	11.85	0	5400000	2563.5	2563.5	0.01	0	0	4
166	409	1269	31.85	11.85	-0.5	31.85	11.85	0	3800000	1806.2	1806.2	0.01	0	0	3
167	410	1271	39.35	11.85	-0.5	39.35	11.85	0	3800000	1724.4	1724.4	0.01	0	0	3
168	411	1273	46.85	11.85	-0.5	46.85	11.85	0	5400000	2400.6	2400.6	0.01	0	0	4
169	412	1275	54.35	11.85	-0.5	54.35	11.85	0	8050000	3495.3	3495.3	0.01	0	0	5
170	413	1279	63.75	11.85	-0.5	63.75	11.85	0	8050000	3783.1	3783.1	0.01	0	0	5
171	414	1282	71.6	11.85	-0.5	71.6	11.85	0	5400000	2510.2	2510.2	0.01	0	0	4
172	415	1285	78.75	11.85	-0.5	78.75	11.85	0	3800000	1774.6	1774.6	0.01	0	0	3
173	416	1287	86.25	11.85	-0.5	86.25	11.85	0	3800000	1889.5	1889.5	0.01	0	0	3
174	417	1289	93.75	11.85	-0.5	93.75	11.85	0	5400000	2495	2495	0.01	0	0	4
175	418	1291	101.25	11.85	-0.5	101.25	11.85	0	8050000	3662.7	3662.7	0.01	0	0	5
176	419	1295	110.65	11.85	-0.5	110.65	11.85	0	8050000	3729.2	3729.2	0.01	0	0	5
177	420	1297	118.15	11.85	-0.5	118.15	11.85	0	5400000	2449.2	2449.2	0.01	0	0	4
178	421	1299	125.65	11.85	-0.5	125.65	11.85	0	2500000	1079.2	1079.2	0.01	0	0	2
179	422	1301	133.15	11.85	-0.5	133.15	11.85	0	2500000	1003.8	1003.8	0.01	0	0	2
180	423	1304	140.31	11.85	-0.5	140.31	11.85	0	5400000	2598.1	2598.1	0.01	0	0	4
181	424	1307	148.17	11.85	-0.5	148.17	11.85	0	8050000	3708.1	3708.1	0.01	0	0	5
182	425	1311	157.57	11.85	-0.5	157.57	11.85	0	8050000	3668.2	3668.2	0.01	0	0	5
183	426	1314	165.07	11.85	-0.5	165.07	11.85	0	5400000	2541.1	2541.1	0.01	0	0	4
184	427	1316	172.57	11.85	-0.5	172.57	11.85	0	3800000	1836.5	1836.5	0.01	0	0	3
185	428	1318	180.07	11.85	-0.5	180.07	11.85	0	3800000	1829.5	1829.5	0.01	0	0	3
186	429	1320	187.57	11.85	-0.5	187.57	11.85	0	3800000	1829.8	1829.8	0.01	0	0	3
187	430	1322	195.07	11.85	-0.5	195.07	11.85	0	5400000	2425.8	2425.8	0.01	0	0	4
188	431	1324	202.57	11.85	-0.5	202.57	11.85	0	8050000	3576	3576	0.01	0	0	5
189	432	1328	211.97	11.85	-0.5	211.97	11.85	0	8050000	3696	3696	0.01	0	0	5
190	433	1332	219.77	11.85	-0.5	219.77	11.85	0	5400000	2548.6	2548.6	0.01	0	0	4
191	434	1335	226.97	11.85	-0.5	226.97	11.85	0	3800000	1508.3	1508.3	0.01	0	0	3
192	435	1337	234.47	11.85	-0.5	234.47	11.85	0	2500000	1223.4	1223.4	0.01	0	0	2
193	436	1339	241.97	11.85	-0.5	241.97	11.85	0	5400000	2426	2426	0.01	0	0	4
194	437	1341	249.37	11.85	-0.5	249.37	11.85	0	1100000	633.1	633.1	0.01	0	0	1
195	438	1343	256.37	11.85	-0.5	256.37	11.85	0	3800000	2049.6	2049.6	0.01	0	0	3
196	439	1345	263.22	11.85	-0.5	263.22	11.85	0	3800000	1835.2	1835.2	0.01	0	0	3
197	440	1348	270.72	11.85	-0.5	270.72	11.85	0	1100000	471.8	471.8	0.01	0	0	1
198	441	1456	0	19.35	-0.5	0	19.35	0	5400000	2461.7	2461.7	0.01	0	0	4
199	442	1458	7.45	19.35	-0.5	7.45	19.35	0	8050000	3878.9	3878.9	0.01	0	0	5
200	443	1461	16.85	19.35	-0.5	16.85	19.35	0	8050000	3861	3861	0.01	0	0	5
201	444	1463	24.35	19.35	-0.5	24.35	19.35	0	5400000	2761.8	2761.8	0.01	0	0	4
202	445	1465	31.85	19.35	-0.5	31.85	19.35	0	3800000	1806	1806	0.01	0	0	3
203	446	1467	39.35	19.35	-0.5	39.35	19.35	0	3800000	1804.5	1804.5	0.01	0	0	3
204	447	1469	46.85	19.35	-0.5	46.85	19.35	0	5400000	2702	2702	0.01	0	0	4
205	448	1471	54.35	19.35	-0.5	54.35	19.35	0	8050000	3865.8	3865.8	0.01	0	0	5
206	449	1474	63.75	19.35	-0.5	63.75	19.35	0	8050000	3904.7	3904.7	0.01	0	0	5
207	450	1477	71.6	19.35	-0.5	71.6	19.35	0	5400000	2815.3	2815.3	0.01	0	0	4
208	451	1480	78.75	19.35	-0.5	78.75	19.35	0	3800000	1784.4	1784.4	0.01	0	0	3
209	452	1482	86.25	19.35	-0.5	86.25	19.35	0	3800000	1860.3	1860.3	0.01	0	0	3
210	453	1484	93.75	19.35	-0.5	93.75	19.35	0	5400000	2814.3	2814.3	0.01	0	0	4
211	454	1486	101.25	19.35	-0.5	101.25	19.35	0	8050000	3934.4	3934.4	0.01	0	0	5
212	455	1489	110.65	19.35	-0.5	110.65	19.35	0	8050000	3935.3	3935.3	0.01	0	0	5
213	456	1491	118.15	19.35	-0.5	118.15	19.35	0	5400000	2664.3	2664.3	0.01	0	0	4
214	457	1493	125.65	19.35	-0.5	125.65	19.35	0	2500000	1231.3	1231.3	0.01	0	0	2
215	458	1495	133.15	19.35	-0.5	133.15	19.35	0	2500000	1166	1166	0.01	0	0	2
216	459	1498	140.31	19.35	-0.5	140.31	19.35	0	5400000	2856.1	2856.1	0.01	0	0	4
217	460	1501	148.17	19.35	-0.5	148.17	19.35	0	8050000	3923.3	3923.3	0.01	0	0	5
218	461	1504	157.57	19.35	-0.5	157.57	19.35	0	8050000	3869.4	3869.4	0.01	0	0	5
219	462	1506	165.07	19.35	-0.5	165.07	19.35	0	5400000	2788.4	2788.4	0.01	0	0	4
220	463	1508	172.57	19.35	-0.5	172.57	19.35	0	3800000	1804.1	1804.1	0.01	0	0	3
221	464	1510	180.07	19.35	-0.5	180.07	19.35	0	3800000	1797.3	1797.3	0.01	0	0	3
222	465	1512	187.57	19.35	-0.5	187.57	19.35	0	3800000	1807.8	1807.8	0.01	0	0	3
223	466	1514	195.07	19.35	-0.5	195.07	19.35	0	5400000	2702.3	2702.3	0.01	0	0	4
224	467	1516	202.57	19.35	-0.5	202.57	19.35	0	8050000	3850.5	3850.5	0.01	0	0	5
225	468	1519	211.97	19.35	-0.5	211.97	19.35	0	8050000	3952.7	3952.7	0.01	0	0	5
226	469	1522	219.77	19.35	-0.5	219.77	19.35	0	5400000	2755.5	2755.5	0.01	0	0	4
227	470	1525	226.97	19.35	-0.5	226.97	19.35	0	2500000	1295.4	1295.4	0.01	0	0	2
228	471	1527	234.47	19.35	-0.5	234.47	19.35	0	2500000	1168.6	1168.6	0.01	0	0	2
229	472	1529	241.97	19.35	-0.5	241.97	19.35	0	3800000	2099.7	2099.7	0.01	0	0	3
230	473	1531	247.4	19.35	-0.5	247.4	19.35	0	1100000	557.6	557.6	0.01	0	0	1
231	474	1550	252.37	21.05	-0.5	252.37	21.05	0	1100000	604	604	0.01	0	0	1
232	475	1551	256.37	21.05	-0.5	256.37	21.05	0	3800000	2018.9	2018.9	0.01	0	0	3
233	476	1553	263.22	21.05	-0.5	263.22	21.05	0	2500000	1187.3	1187.3	0.01	0	0	2
234	477	1555	268.87	21.05	-0.5	268.87	21.05	0	2500000	1147	1147	0.01	0	0	2
235	478	1656	0	26.85	-0.5	0	26.85	0	5400000	2565	2565	0.01	0	0	4
236	479	1658	7.45	26.85	-0.5	7.45	26.85	0	8050000	3846.6	3846.6	0.01	0	0	5
237	480	1661	16.85	26.85	-0.5	16.85	26.85	0	8050000	3845.2	3845.2	0.01	0	0	5
238	481	1663	24.35	26.85	-0.5	24.35	26.85	0	5400000	2578.1	2578.1	0.01	0	0	4
239	482	1665	31.85	26.85	-0.5	31.85	26.85	0	2500000	1015.6	1015.6	0.01	0	0	2
240	483	1667	39.35	26.85	-0.5	39.35	26.85	0	2500000	1015.5	1015.5	0.01	0	0	2
241	484	1669	46.85	26.85	-0.5	46.85	26.85	0	5400000	2571.7	2571.7	0.01	0	0	4
242	485	1671	54.35	26.85	-0.5	54.35	26.85	0	8050000	3850.7	3850.7	0.01	0	0	5
243	486	1674	63.75	26.85	-0.5	63.75	26.85	0	8050000	3877.2	3877.2	0.01	0	0	5
244	487	1677	71.6	26.85	-0.5	71.6	26.85	0	5400000	2919.9	2919.9	0.01	0	0	4
245	488	1680	78.75	26.85	-0.5	78.75	26.85	0	3800000	1607.1	1607.1	0.01	0	0	3
246	489	1682	86.25	26.85	-0.5	86.25	26.85	0	3800000	1690.7	1690.7	0.01	0	0	3
247	490	1684	93.75	26.85	-0.5	93.75	26.85	0	5400000	2826.2	2826.2	0.01	0	0	4
248	491	1686	101.25	26.85	-0.5	101.25	26.85	0	8050000	3905.9	3905.9	0.01	0	0	5
249	492	1689	110.65	26.85	-0.5	110.65	26.85	0	8050000	3914	3914	0.01	0	0	5
250	493	1691	118.15	26.85	-0.5	118.15	26.85	0	5400000	2535.4	2535.4	0.01	0	0	4
251	494	1693	125.65	26.85	-0.5	125.65	26.85	0	2500000	860.8	860.8	0.01	0	0	2
252	495	1695	133.15	26.85	-0.5	133.15	26.85	0	2500000	814.3	814.3	0.01	0	0	2
253	496	1698	140.31	26.85	-0.5	140.31	26.85	0	5400000	2770.9	2770.9	0.01	0	0	4
254	497	1701	148.17	26.85	-0.5	148.17	26.85	0	8050000	3912.3	3912.3	0.01	0	0	5
255	498	1704	157.57	26.85	-0.5	157.57	26.85	0	8050000	3839.5	3839.5	0.01	0	0	5
256	499	1706	165.07	26.85	-0.5	165.07	26.85	0	5400000	2855.5	2855.5	0.01	0	0	4
257	500	1708	172.57	26.85	-0.5	172.57	26.85	0	2500000	1336.9	1336.9	0.01	0	0	2
258	501	1710	180.07	26.85	-0.5	180.07	26.85	0	2500000	1013	1013	0.01	0	0	2
259	502	1712	187.57	26.85	-0.5	187.57	26.85	0	2500000	1016.9	1016.9	0.01	0	0	2
260	503	1714	195.07	26.85	-0.5	195.07	26.85	0	5400000	2596.9	2596.9	0.01	0	0	4
261	504	1716	202.57	26.85	-0.5	202.57	26.85	0	8050000	3901.8	3901.8	0.01	0	0	5
262	505	1719	211.97	26.85	-0.5	211.97	26.85	0	8050000	3927.5	3927.5	0.01	0	0	5
263	506	1722	219.77	26.85	-0.5	219.77	26.85	0	5400000	2823.9	2823.9	0.01	0	0	4
264	507	1725	226.97	26.85	-0.5	226.97	26.85	0	2500000	1307.8	1307.8	0.01	0	0	2
265	508	1727	234.47	26.85	-0.5	234.47	26.85	0	2500000	1153.4	1153.4	0.01	0	0	2
266	509	1729	241.97	26.85	-0.5	241.97	26.85	0	3800000	2090.2	2090.2	0.01	0	0	3
267	510	1731	247.4	26.85	-0.5	247.4	26.85	0	1100000	535	535	0.01	0	0	1
268	511	1765	252.37	30.15	-0.5	252.37	30.15	0	3800000	2010.8	2010.8	0.01	0	0	3
269	512	1766	256.37	30.15	-0.5	256.37	30.15	0	2500000	1275.7	1275.7	0.01	0	0	2
270	513	1768	263.22	30.15	-0.5	263.22	30.15	0	2500000	1185.7	1185.7	0.01	0	0	2
271	514	1770	268.87	30.15	-0.5	268.87	30.15	0	2500000	1132	1132	0.01	0	0	2
272	515	1828	0	34.35	-0.5	0	34.35	0	5400000	2548.3	2548.3	0.01	0	0	4
273	516	1830	7.45	34.35	-0.5	7.45	34.35	0	5400000	2497.3	2497.3	0.01	0	0	4
274	517	1831	10.17	34.35	-0.5	10.17	34.35	0	8050000	2701.8	2701.8	0.01	0	0	5
275	518	1832	14.12	34.35	-0.5	14.12	34.35	0	8050000	2787.5	2787.5	0.01	0	0	5
276	519	1833	16.85	34.35	-0.5	16.85	34.35	0	5400000	2526	2526	0.01	0	0	4
277	520	1835	24.35	34.35	-0.5	24.35	34.35	0	3800000	2143	2143	0.01	0	0	3
278	521	1836	46.85	34.35	-0.5	46.85	34.35	0	3800000	2141.4	2141.4	0.01	0	0	3
279	522	1838	54.35	34.35	-0.5	54.35	34.35	0	5400000	2495	2495	0.01	0	0	4
280	523	1839	57.07	34.35	-0.5	57.07	34.35	0	8050000	2682.6	2682.6	0.01	0	0	5
281	524	1840	61.02	34.35	-0.5	61.02	34.35	0	8050000	2759.9	2759.9	0.01	0	0	5
282	525	1841	63.75	34.35	-0.5	63.75	34.35	0	5400000	2559.2	2559.2	0.01	0	0	4
283	526	1844	71.6	34.35	-0.5	71.6	34.35	0	5400000	2743.2	2743.2	0.01	0	0	4
284	527	1847	78.75	34.35	-0.5	78.75	34.35	0	2500000	1222.4	1222.4	0.01	0	0	2
285	528	1849	86.25	34.35	-0.5	86.25	34.35	0	2500000	1292.1	1292.1	0.01	0	0	2
286	529	1851	93.75	34.35	-0.5	93.75	34.35	0	5400000	2793.9	2793.9	0.01	0	0	4
287	530	1853	101.25	34.35	-0.5	101.25	34.35	0	5400000	2534.8	2534.8	0.01	0	0	4
288	531	1854	103.97	34.35	-0.5	103.97	34.35	0	8050000	2729.9	2729.9	0.01	0	0	5
289	532	1855	107.92	34.35	-0.5	107.92	34.35	0	8050000	2744.4	2744.4	0.01	0	0	5
290	533	1856	110.65	34.35	-0.5	110.65	34.35	0	5400000	2549.1	2549.1	0.01	0	0	4
291	534	1858	118.15	34.35	-0.5	118.15	34.35	0	3800000	2159	2159	0.01	0	0	3
292	535	1859	140.31	34.35	-0.5	140.31	34.35	0	3800000	1953.9	1953.9	0.01	0	0	3
293	536	1862	148.17	34.35	-0.5	148.17	34.35	0	5400000	2610.6	2610.6	0.01	0	0	4
294	537	1863	150.89	34.35	-0.5	150.89	34.35	0	8050000	2631.5	2631.5	0.01	0	0	5
295	538	1864	154.84	34.35	-0.5	154.84	34.35	0	8050000	2730.7	2730.7	0.01	0	0	5
296	539	1865	157.57	34.35	-0.5	157.57	34.35	0	5400000	2502.2	2502.2	0.01	0	0	4
297	540	1867	165.07	34.35	-0.5	165.07	34.35	0	5400000	2879.3	2879.3	0.01	0	0	4
298	541	1869	172.57	34.35	-0.5	172.57	34.35	0	2500000	1016.8	1016.8	0.01	0	0	2
299	542	1870	195.07	34.35	-0.5	195.07	34.35	0	3800000	2163.4	2163.4	0.01	0	0	3
300	543	1872	202.57	34.35	-0.5	202.57	34.35	0	5400000	2537.1	2537.1	0.01	0	0	4
301	544	1873	205.29	34.35	-0.5	205.29	34.35	0	8050000	2691	2691	0.01	0	0	5
302	545	1874	209.24	34.35	-0.5	209.24	34.35	0	8050000	2765.5	2765.5	0.01	0	0	5
303	546	1875	211.97	34.35	-0.5	211.97	34.35	0	5400000	2579.6	2579.6	0.01	0	0	4
304	547	1878	219.77	34.35	-0.5	219.77	34.35	0	5400000	2835.7	2835.7	0.01	0	0	4
305	548	1881	226.97	34.35	-0.5	226.97	34.35	0	2500000	1277.6	1277.6	0.01	0	0	2
306	549	1883	234.47	34.35	-0.5	234.47	34.35	0	5400000	1229.6	1229.6	0.01	0	0	4
307	550	1884	238.42	34.35	-0.5	238.42	34.35	0	3800000	1125.6	1125.6	0.01	0	0	3
308	551	1885	241.97	34.35	-0.5	241.97	34.35	0	5400000	1975.8	1975.8	0.01	0	0	4
309	552	1887	247.4	34.35	-0.5	247.4	34.35	0	1100000	539.3	539.3	0.01	0	0	1
310	553	1957	252.37	39.35	-0.5	252.37	39.35	0	1100000	564.3	564.3	0.01	0	0	1
311	554	1958	256.37	39.35	-0.5	256.37	39.35	0	3800000	1913.6	1913.6	0.01	0	0	3
312	555	1960	263.22	39.35	-0.5	263.22	39.35	0	2500000	1152.6	1152.6	0.01	0	0	2
313	556	1962	268.87	39.35	-0.5	268.87	39.35	0	2500000	1113.5	1113.5	0.01	0	0	2
314	557	1973	0	41.85	-0.5	0	41.85	0	5400000	2575	2575	0.01	0	0	4
315	558	1975	7.45	41.85	-0.5	7.45	41.85	0	5400000	2587.4	2587.4	0.01	0	0	4
316	559	1976	10.17	41.85	-0.5	10.17	41.85	0	3800000	1214.7	1214.7	0.01	0	0	3
317	560	1977	14.12	41.85	-0.5	14.12	41.85	0	3800000	1249.8	1249.8	0.01	0	0	3
318	561	1978	16.85	41.85	-0.5	16.85	41.85	0	5400000	2617.2	2617.2	0.01	0	0	4
319	562	1980	24.35	41.85	-0.5	24.35	41.85	0	3800000	2140.6	2140.6	0.01	0	0	3
320	563	1981	46.85	41.85	-0.5	46.85	41.85	0	3800000	2146	2146	0.01	0	0	3
321	564	1983	54.35	41.85	-0.5	54.35	41.85	0	5400000	2583.9	2583.9	0.01	0	0	4
322	565	1984	57.07	41.85	-0.5	57.07	41.85	0	3800000	1208.2	1208.2	0.01	0	0	3
323	566	1985	61.02	41.85	-0.5	61.02	41.85	0	3800000	1234.6	1234.6	0.01	0	0	3
324	567	1986	63.75	41.85	-0.5	63.75	41.85	0	5400000	2649.7	2649.7	0.01	0	0	4
325	568	1989	71.6	41.85	-0.5	71.6	41.85	0	5400000	2741.9	2741.9	0.01	0	0	4
326	569	1992	78.75	41.85	-0.5	78.75	41.85	0	2500000	1222.6	1222.6	0.01	0	0	2
327	570	1994	86.25	41.85	-0.5	86.25	41.85	0	2500000	1292.5	1292.5	0.01	0	0	2
328	571	1996	93.75	41.85	-0.5	93.75	41.85	0	5400000	2784.9	2784.9	0.01	0	0	4
329	572	1998	101.25	41.85	-0.5	101.25	41.85	0	5400000	2616.8	2616.8	0.01	0	0	4
330	573	1999	103.97	41.85	-0.5	103.97	41.85	0	3800000	1198.3	1198.3	0.01	0	0	3
331	574	2000	107.92	41.85	-0.5	107.92	41.85	0	3800000	1201.7	1201.7	0.01	0	0	3
332	575	2001	110.65	41.85	-0.5	110.65	41.85	0	5400000	2634.9	2634.9	0.01	0	0	4
333	576	2003	118.15	41.85	-0.5	118.15	41.85	0	3800000	2171.5	2171.5	0.01	0	0	3
334	577	2004	140.31	41.85	-0.5	140.31	41.85	0	3800000	1973.9	1973.9	0.01	0	0	3
335	578	2007	148.17	41.85	-0.5	148.17	41.85	0	5400000	2697.2	2697.2	0.01	0	0	4
336	579	2008	150.89	41.85	-0.5	150.89	41.85	0	3800000	1164.9	1164.9	0.01	0	0	3
337	580	2009	154.84	41.85	-0.5	154.84	41.85	0	5400000	1448.4	1448.4	0.01	0	0	4
338	581	2010	157.57	41.85	-0.5	157.57	41.85	0	5400000	2591.5	2591.5	0.01	0	0	4
339	582	2012	165.07	41.85	-0.5	165.07	41.85	0	5400000	2884.4	2884.4	0.01	0	0	4
340	583	2014	172.57	41.85	-0.5	172.57	41.85	0	2500000	1016.3	1016.3	0.01	0	0	2
341	584	2015	195.07	41.85	-0.5	195.07	41.85	0	3800000	2166.7	2166.7	0.01	0	0	3
342	585	2017	202.57	41.85	-0.5	202.57	41.85	0	5400000	2620.9	2620.9	0.01	0	0	4
343	586	2018	205.29	41.85	-0.5	205.29	41.85	0	5400000	1394.3	1394.3	0.01	0	0	4
344	587	2019	209.24	41.85	-0.5	209.24	41.85	0	5400000	1435.7	1435.7	0.01	0	0	4
345	588	2020	211.97	41.85	-0.5	211.97	41.85	0	5400000	2662.3	2662.3	0.01	0	0	4
346	589	2023	219.77	41.85	-0.5	219.77	41.85	0	5400000	2843.6	2843.6	0.01	0	0	4
347	590	2026	226.97	41.85	-0.5	226.97	41.85	0	2500000	1276.1	1276.1	0.01	0	0	2
348	591	2028	234.47	41.85	-0.5	234.47	41.85	0	5400000	1172.5	1172.5	0.01	0	0	4
349	592	2030	238.42	41.85	-0.5	238.42	41.85	0	2500000	839.4	839.4	0.01	0	0	2
350	593	2031	241.97	41.85	-0.5	241.97	41.85	0	5400000	2137.6	2137.6	0.01	0	0	4
351	594	2033	247.4	41.85	-0.5	247.4	41.85	0	1100000	605.3	605.3	0.01	0	0	1
352	595	2124	0	49.35	-0.5	0	49.35	0	5400000	2531.1	2531.1	0.01	0	0	4
353	596	2126	7.45	49.35	-0.5	7.45	49.35	0	8050000	3854.2	3854.2	0.01	0	0	5
354	597	2129	16.85	49.35	-0.5	16.85	49.35	0	8050000	3848.4	3848.4	0.01	0	0	5
355	598	2131	24.35	49.35	-0.5	24.35	49.35	0	5400000	2573.9	2573.9	0.01	0	0	4
356	599	2133	31.85	49.35	-0.5	31.85	49.35	0	2500000	1013.2	1013.2	0.01	0	0	2
357	600	2135	39.35	49.35	-0.5	39.35	49.35	0	2500000	1013.6	1013.6	0.01	0	0	2
358	601	2137	46.85	49.35	-0.5	46.85	49.35	0	5400000	2572.9	2572.9	0.01	0	0	4
359	602	2139	54.35	49.35	-0.5	54.35	49.35	0	8050000	3854.3	3854.3	0.01	0	0	5
360	603	2142	63.75	49.35	-0.5	63.75	49.35	0	8050000	3880.6	3880.6	0.01	0	0	5
361	604	2145	71.6	49.35	-0.5	71.6	49.35	0	5400000	2907.6	2907.6	0.01	0	0	4
362	605	2148	78.75	49.35	-0.5	78.75	49.35	0	3800000	1608.6	1608.6	0.01	0	0	3
363	606	2150	86.25	49.35	-0.5	86.25	49.35	0	3800000	1690.2	1690.2	0.01	0	0	3
364	607	2152	93.75	49.35	-0.5	93.75	49.35	0	5400000	2832.6	2832.6	0.01	0	0	4
365	608	2154	101.25	49.35	-0.5	101.25	49.35	0	8050000	3909.3	3909.3	0.01	0	0	5
366	609	2157	110.65	49.35	-0.5	110.65	49.35	0	8050000	3919.3	3919.3	0.01	0	0	5
367	610	2159	118.15	49.35	-0.5	118.15	49.35	0	5400000	2620.7	2620.7	0.01	0	0	4
368	611	2161	125.65	49.35	-0.5	125.65	49.35	0	2500000	1038.2	1038.2	0.01	0	0	2
369	612	2163	133.15	49.35	-0.5	133.15	49.35	0	2500000	991.5	991.5	0.01	0	0	2
370	613	2166	140.31	49.35	-0.5	140.31	49.35	0	5400000	2760.8	2760.8	0.01	0	0	4
371	614	2169	148.17	49.35	-0.5	148.17	49.35	0	8050000	3912.8	3912.8	0.01	0	0	5
372	615	2172	157.57	49.35	-0.5	157.57	49.35	0	8050000	3843	3843	0.01	0	0	5
373	616	2174	165.07	49.35	-0.5	165.07	49.35	0	5400000	2854.8	2854.8	0.01	0	0	4
374	617	2176	172.57	49.35	-0.5	172.57	49.35	0	2500000	1345.9	1345.9	0.01	0	0	2
375	618	2178	180.07	49.35	-0.5	180.07	49.35	0	2500000	1031.9	1031.9	0.01	0	0	2
376	619	2180	187.57	49.35	-0.5	187.57	49.35	0	2500000	1033.9	1033.9	0.01	0	0	2
377	620	2182	195.07	49.35	-0.5	195.07	49.35	0	5400000	2607.5	2607.5	0.01	0	0	4
378	621	2184	202.57	49.35	-0.5	202.57	49.35	0	8050000	3898.7	3898.7	0.01	0	0	5
379	622	2187	211.97	49.35	-0.5	211.97	49.35	0	8050000	3924.4	3924.4	0.01	0	0	5
380	623	2190	219.77	49.35	-0.5	219.77	49.35	0	5400000	2804.9	2804.9	0.01	0	0	4
381	624	2193	226.97	49.35	-0.5	226.97	49.35	0	2500000	1304.6	1304.6	0.01	0	0	2
382	625	2195	234.47	49.35	-0.5	234.47	49.35	0	2500000	1137.6	1137.6	0.01	0	0	2
383	626	2197	241.97	49.35	-0.5	241.97	49.35	0	5400000	2427.3	2427.3	0.01	0	0	4
384	627	2199	247.4	49.35	-0.5	247.4	49.35	0	1100000	141.2	141.2	0.01	0	0	1
385	628	2201	252.37	49.35	-0.5	252.37	49.35	0	2500000	1139	1139	0.01	0	0	2
386	629	2202	256.37	49.35	-0.5	256.37	49.35	0	2500000	1100.9	1100.9	0.01	0	0	2
387	630	2204	263.22	49.35	-0.5	263.22	49.35	0	2500000	1048.4	1048.4	0.01	0	0	2
388	631	2206	268.87	49.35	-0.5	268.87	49.35	0	1100000	459	459	0.01	0	0	1
389	632	2315	0	56.85	-0.5	0	56.85	0	5400000	2497.2	2497.2	0.01	0	0	4
390	633	2317	7.45	56.85	-0.5	7.45	56.85	0	8050000	3876.6	3876.6	0.01	0	0	5
391	634	2320	16.85	56.85	-0.5	16.85	56.85	0	8050000	3862.1	3862.1	0.01	0	0	5
392	635	2322	24.35	56.85	-0.5	24.35	56.85	0	5400000	2770.4	2770.4	0.01	0	0	4
393	636	2324	31.85	56.85	-0.5	31.85	56.85	0	3800000	1811.4	1811.4	0.01	0	0	3
394	637	2326	39.35	56.85	-0.5	39.35	56.85	0	3800000	1810.1	1810.1	0.01	0	0	3
395	638	2328	46.85	56.85	-0.5	46.85	56.85	0	5400000	2736.5	2736.5	0.01	0	0	4
396	639	2330	54.35	56.85	-0.5	54.35	56.85	0	8050000	3870.3	3870.3	0.01	0	0	5
397	640	2333	63.75	56.85	-0.5	63.75	56.85	0	8050000	3900.7	3900.7	0.01	0	0	5
398	641	2336	71.6	56.85	-0.5	71.6	56.85	0	5400000	2946.6	2946.6	0.01	0	0	4
399	642	2339	78.75	56.85	-0.5	78.75	56.85	0	3800000	1785.5	1785.5	0.01	0	0	3
400	643	2341	86.25	56.85	-0.5	86.25	56.85	0	3800000	1873.7	1873.7	0.01	0	0	3
401	644	2343	93.75	56.85	-0.5	93.75	56.85	0	5400000	2861.4	2861.4	0.01	0	0	4
402	645	2345	101.25	56.85	-0.5	101.25	56.85	0	8050000	3946.4	3946.4	0.01	0	0	5
403	646	2348	110.65	56.85	-0.5	110.65	56.85	0	8050000	3946.6	3946.6	0.01	0	0	5
404	647	2350	118.15	56.85	-0.5	118.15	56.85	0	5400000	2818.7	2818.7	0.01	0	0	4
405	648	2352	125.65	56.85	-0.5	125.65	56.85	0	3800000	1866.2	1866.2	0.01	0	0	3
406	649	2354	133.15	56.85	-0.5	133.15	56.85	0	3800000	1784.8	1784.8	0.01	0	0	3
407	650	2357	140.31	56.85	-0.5	140.31	56.85	0	5400000	2995.9	2995.9	0.01	0	0	4
408	651	2360	148.17	56.85	-0.5	148.17	56.85	0	8050000	3931.9	3931.9	0.01	0	0	5
409	652	2363	157.57	56.85	-0.5	157.57	56.85	0	8050000	3870.5	3870.5	0.01	0	0	5
410	653	2365	165.07	56.85	-0.5	165.07	56.85	0	5400000	2775.1	2775.1	0.01	0	0	4
411	654	2367	172.57	56.85	-0.5	172.57	56.85	0	3800000	1831.6	1831.6	0.01	0	0	3
412	655	2369	180.07	56.85	-0.5	180.07	56.85	0	3800000	1852.1	1852.1	0.01	0	0	3
413	656	2371	187.57	56.85	-0.5	187.57	56.85	0	3800000	1859.2	1859.2	0.01	0	0	3
414	657	2373	195.07	56.85	-0.5	195.07	56.85	0	5400000	2795.7	2795.7	0.01	0	0	4
415	658	2375	202.57	56.85	-0.5	202.57	56.85	0	8050000	3918.1	3918.1	0.01	0	0	5
416	659	2378	211.97	56.85	-0.5	211.97	56.85	0	8050000	3950.6	3950.6	0.01	0	0	5
417	660	2381	219.77	56.85	-0.5	219.77	56.85	0	5400000	2761	2761	0.01	0	0	4
418	661	2384	226.97	56.85	-0.5	226.97	56.85	0	2500000	1298.1	1298.1	0.01	0	0	2
419	662	2386	234.47	56.85	-0.5	234.47	56.85	0	2500000	1184.6	1184.6	0.01	0	0	2
420	663	2388	241.97	56.85	-0.5	241.97	56.85	0	3800000	2135.4	2135.4	0.01	0	0	3
421	664	2476	0	64.35	-0.5	0	64.35	0	3800000	1953.4	1953.4	0.01	0	0	3
422	665	2478	7.45	64.35	-0.5	7.45	64.35	0	8050000	3700.7	3700.7	0.01	0	0	5
423	666	2481	16.85	64.35	-0.5	16.85	64.35	0	8050000	3743.9	3743.9	0.01	0	0	5
424	667	2483	24.35	64.35	-0.5	24.35	64.35	0	5400000	2497.8	2497.8	0.01	0	0	4
425	668	2485	31.85	64.35	-0.5	31.85	64.35	0	3800000	1539.9	1539.9	0.01	0	0	3
426	669	2487	39.35	64.35	-0.5	39.35	64.35	0	3800000	1533.8	1533.8	0.01	0	0	3
427	670	2489	46.85	64.35	-0.5	46.85	64.35	0	5400000	2457.2	2457.2	0.01	0	0	4
428	671	2491	54.35	64.35	-0.5	54.35	64.35	0	8050000	3631.8	3631.8	0.01	0	0	5
429	672	2494	63.75	64.35	-0.5	63.75	64.35	0	8050000	3774.9	3774.9	0.01	0	0	5
430	673	2497	71.6	64.35	-0.5	71.6	64.35	0	5400000	2770.2	2770.2	0.01	0	0	4
431	674	2500	78.75	64.35	-0.5	78.75	64.35	0	3800000	1516.6	1516.6	0.01	0	0	3
432	675	2502	86.25	64.35	-0.5	86.25	64.35	0	3800000	1592.2	1592.2	0.01	0	0	3
433	676	2504	93.75	64.35	-0.5	93.75	64.35	0	5400000	2690.2	2690.2	0.01	0	0	4
434	677	2506	101.25	64.35	-0.5	101.25	64.35	0	8050000	3853.1	3853.1	0.01	0	0	5
435	678	2509	110.65	64.35	-0.5	110.65	64.35	0	8050000	3883.8	3883.8	0.01	0	0	5
436	679	2511	118.15	64.35	-0.5	118.15	64.35	0	5400000	2571.2	2571.2	0.01	0	0	4
437	680	2513	125.65	64.35	-0.5	125.65	64.35	0	3800000	1579.4	1579.4	0.01	0	0	3
438	681	2515	133.15	64.35	-0.5	133.15	64.35	0	2500000	1348.1	1348.1	0.01	0	0	2
439	682	2518	140.31	64.35	-0.5	140.31	64.35	0	5400000	2810.7	2810.7	0.01	0	0	4
440	683	2521	148.17	64.35	-0.5	148.17	64.35	0	8050000	3835.8	3835.8	0.01	0	0	5
441	684	2524	157.57	64.35	-0.5	157.57	64.35	0	8050000	3711.5	3711.5	0.01	0	0	5
442	685	2526	165.07	64.35	-0.5	165.07	64.35	0	5400000	2467.8	2467.8	0.01	0	0	4
443	686	2528	172.57	64.35	-0.5	172.57	64.35	0	3800000	1546.8	1546.8	0.01	0	0	3
444	687	2530	180.07	64.35	-0.5	180.07	64.35	0	3800000	1535	1535	0.01	0	0	3
445	688	2532	187.57	64.35	-0.5	187.57	64.35	0	3800000	1560.6	1560.6	0.01	0	0	3
446	689	2534	195.07	64.35	-0.5	195.07	64.35	0	5400000	2518.2	2518.2	0.01	0	0	4
447	690	2536	202.57	64.35	-0.5	202.57	64.35	0	8050000	3804.4	3804.4	0.01	0	0	5
448	691	2539	211.97	64.35	-0.5	211.97	64.35	0	8050000	3936.7	3936.7	0.01	0	0	5
449	692	2542	219.77	64.35	-0.5	219.77	64.35	0	5400000	2530.9	2530.9	0.01	0	0	4
450	693	2545	226.97	64.35	-0.5	226.97	64.35	0	2500000	1284.1	1284.1	0.01	0	0	2
451	694	2547	234.47	64.35	-0.5	234.47	64.35	0	2500000	1165.7	1165.7	0.01	0	0	2
452	695	2549	241.97	64.35	-0.5	241.97	64.35	0	3800000	2101.4	2101.4	0.01	0	0	3
453	696	2559	24.35	66.45	-0.5	24.35	66.45	0	1100000	205.1	205.1	0.01	0	0	1
454	697	2628	78.75	67.92	-0.5	78.75	67.92	0	2500000	855	855	0.01	0	0	2
455	698	2629	86.25	67.92	-0.5	86.25	67.92	0	2500000	951.4	951.4	0.01	0	0	2
456	699	2630	125.65	67.92	-0.5	125.65	67.92	0	2500000	990.1	990.1	0.01	0	0	2
457	700	2631	133.15	67.92	-0.5	133.15	67.92	0	2500000	978.7	978.7	0.01	0	0	2
458	701	2632	172.57	67.92	-0.5	172.57	67.92	0	2500000	965.2	965.2	0.01	0	0	2
459	702	2633	180.07	67.92	-0.5	180.07	67.92	0	2500000	948.6	948.6	0.01	0	0	2
460	703	2634	187.57	67.92	-0.5	187.57	67.92	0	2500000	975.1	975.1	0.01	0	0	2
461	704	2638	31.85	68	-0.5	31.85	68	0	2500000	924	924	0.01	0	0	2
462	705	2639	39.35	68	-0.5	39.35	68	0	2500000	957	957	0.01	0	0	2
463	706	2780	86.25	71.37	-0.5	86.25	71.37	0	2500000	1087.3	1087.3	0.01	0	0	2
464	707	2781	125.65	71.37	-0.5	125.65	71.37	0	2500000	1037.9	1037.9	0.01	0	0	2
465	708	2782	133.15	71.37	-0.5	133.15	71.37	0	2500000	1011.2	1011.2	0.01	0	0	2
466	709	2794	172.57	71.37	-0.5	172.57	71.37	0	2500000	968.3	968.3	0.01	0	0	2
467	710	2795	180.07	71.37	-0.5	180.07	71.37	0	2500000	992.4	992.4	0.01	0	0	2
468	711	2796	187.57	71.37	-0.5	187.57	71.37	0	2500000	980.3	980.3	0.01	0	0	2
469	712	2810	226.97	71.37	-0.5	226.97	71.37	0	2500000	1097.1	1097.1	0.01	0	0	2
470	713	2812	234.47	71.37	-0.5	234.47	71.37	0	2500000	924.2	924.2	0.01	0	0	2
471	714	2814	241.97	71.37	-0.5	241.97	71.37	0	3800000	1948	1948	0.01	0	0	3
472	715	2817	31.85	71.45	-0.5	31.85	71.45	0	2500000	959.6	959.6	0.01	0	0	2
473	716	2818	39.35	71.45	-0.5	39.35	71.45	0	2500000	939.5	939.5	0.01	0	0	2
474	717	2824	0	71.85	-0.5	0	71.85	0	5400000	1577.7	1577.7	0.01	0	0	4
475	718	2826	5.3	71.85	-0.5	5.3	71.85	0	3800000	1159.9	1159.9	0.01	0	0	3
476	719	2829	24.35	71.85	-0.5	24.35	71.85	0	5400000	1772.4	1772.4	0.01	0	0	4
477	720	2947	0	76.2	-0.5	0	76.2	0	8050000	2177.2	2177.2	0.01	0	0	5
478	721	2949	4.05	76.2	-0.5	4.05	76.2	0	5400000	1579.1	1579.1	0.01	0	0	4
479	722	2959	24.35	76.2	-0.5	24.35	76.2	0	5400000	2012.9	2012.9	0.01	0	0	4
480	723	2961	31.85	76.2	-0.5	31.85	76.2	0	2500000	1276.6	1276.6	0.01	0	0	2
481	724	2963	39.35	76.2	-0.5	39.35	76.2	0	3800000	1600.6	1600.6	0.01	0	0	3
482	725	2999	125.65	76.2	-0.5	125.65	76.2	0	2500000	1348.1	1348.1	0.01	0	0	2
483	726	3001	133.15	76.2	-0.5	133.15	76.2	0	2500000	1334.2	1334.2	0.01	0	0	2
484	727	3018	172.57	76.2	-0.5	172.57	76.2	0	2500000	1338.2	1338.2	0.01	0	0	2
485	728	3020	180.07	76.2	-0.5	180.07	76.2	0	2500000	1330	1330	0.01	0	0	2
486	729	3022	187.57	76.2	-0.5	187.57	76.2	0	3800000	1650.5	1650.5	0.01	0	0	3
487	730	3096	226.97	76.43	-0.5	226.97	76.43	0	2500000	1165	1165	0.01	0	0	2
488	731	3098	234.47	76.43	-0.5	234.47	76.43	0	2500000	1123.1	1123.1	0.01	0	0	2
489	732	3100	241.97	76.43	-0.5	241.97	76.43	0	2500000	1492	1492	0.01	0	0	2
490	733	3132	86.25	76.65	-0.5	86.25	76.65	0	2500000	1363.4	1363.4	0.01	0	0	2
491	734	3279	0	83.7	-0.5	0	83.7	0	2500000	1137.6	1137.6	0.01	0	0	2
492	735	3281	7.45	83.7	-0.5	7.45	83.7	0	3800000	1589.9	1589.9	0.01	0	0	3
493	736	3284	16.85	83.7	-0.5	16.85	83.7	0	3800000	1580.3	1580.3	0.01	0	0	3
494	737	3286	24.35	83.7	-0.5	24.35	83.7	0	2500000	1295.9	1295.9	0.01	0	0	2
495	738	3288	31.85	83.7	-0.5	31.85	83.7	0	5400000	2306.8	2306.8	0.01	0	0	4
496	739	3290	39.35	83.7	-0.5	39.35	83.7	0	1100000	463.8	463.8	0.01	0	0	1
497	740	3292	46.85	83.7	-0.5	46.85	83.7	0	5400000	2284.4	2284.4	0.01	0	0	4
498	741	3294	54.35	83.7	-0.5	54.35	83.7	0	3800000	1676.7	1676.7	0.01	0	0	3
499	742	3298	63.75	83.7	-0.5	63.75	83.7	0	3800000	1756.4	1756.4	0.01	0	0	3
500	743	3300	71.25	83.7	-0.5	71.25	83.7	0	3800000	1574.4	1574.4	0.01	0	0	3
501	744	3302	78.75	83.7	-0.5	78.75	83.7	0	3800000	1574.5	1574.5	0.01	0	0	3
502	745	3305	85.9	83.7	-0.5	85.9	83.7	0	3800000	1652.9	1652.9	0.01	0	0	3
503	746	3308	93.75	83.7	-0.5	93.75	83.7	0	3800000	1606.2	1606.2	0.01	0	0	3
504	747	3310	101.25	83.7	-0.5	101.25	83.7	0	3800000	1728	1728	0.01	0	0	3
505	748	3313	110.65	83.7	-0.5	110.65	83.7	0	3800000	1723.7	1723.7	0.01	0	0	3
506	749	3315	118.15	83.7	-0.5	118.15	83.7	0	3800000	1563.8	1563.8	0.01	0	0	3
507	750	3317	125.65	83.7	-0.5	125.65	83.7	0	3800000	1632.8	1632.8	0.01	0	0	3
508	751	3319	133.15	83.7	-0.5	133.15	83.7	0	3800000	1626.1	1626.1	0.01	0	0	3
509	752	3322	140.67	83.7	-0.5	140.67	83.7	0	3800000	1582.3	1582.3	0.01	0	0	3
510	753	3324	148.17	83.7	-0.5	148.17	83.7	0	3800000	1738.1	1738.1	0.01	0	0	3
511	754	3327	157.57	83.7	-0.5	157.57	83.7	0	3800000	1746.9	1746.9	0.01	0	0	3
512	755	3330	164.77	83.7	-0.5	164.77	83.7	0	3800000	1664.7	1664.7	0.01	0	0	3
513	756	3333	172.57	83.7	-0.5	172.57	83.7	0	3800000	1659.7	1659.7	0.01	0	0	3
514	757	3335	180.07	83.7	-0.5	180.07	83.7	0	5400000	2405	2405	0.01	0	0	4
515	758	3337	187.57	83.7	-0.5	187.57	83.7	0	1100000	473.4	473.4	0.01	0	0	1
516	759	3339	195.07	83.7	-0.5	195.07	83.7	0	5400000	2276.6	2276.6	0.01	0	0	4
517	760	3341	202.57	83.7	-0.5	202.57	83.7	0	3800000	1603.2	1603.2	0.01	0	0	3
518	761	3344	211.97	83.7	-0.5	211.97	83.7	0	3800000	1641.4	1641.4	0.01	0	0	3
519	762	3346	219.47	83.7	-0.5	219.47	83.7	0	2500000	1330.2	1330.2	0.01	0	0	2
520	763	3348	226.97	83.7	-0.5	226.97	83.7	0	2500000	1320.2	1320.2	0.01	0	0	2
521	764	3350	234.47	83.7	-0.5	234.47	83.7	0	2500000	1161.7	1161.7	0.01	0	0	2
522	765	3352	241.97	83.7	-0.5	241.97	83.7	0	3800000	1797.3	1797.3	0.01	0	0	3
523	766	3427	0	91.2	-0.5	0	91.2	0	2500000	1154.3	1154.3	0.01	0	0	2
524	767	3429	7.45	91.2	-0.5	7.45	91.2	0	3800000	1765.7	1765.7	0.01	0	0	3
525	768	3432	16.85	91.2	-0.5	16.85	91.2	0	3800000	1737.3	1737.3	0.01	0	0	3
526	769	3434	24.35	91.2	-0.5	24.35	91.2	0	2500000	1172.7	1172.7	0.01	0	0	2
527	770	3436	31.85	91.2	-0.5	31.85	91.2	0	2500000	1208.7	1208.7	0.01	0	0	2
528	771	3438	39.35	91.2	-0.5	39.35	91.2	0	3800000	1904.1	1904.1	0.01	0	0	3
529	772	3440	46.85	91.2	-0.5	46.85	91.2	0	3800000	1700.8	1700.8	0.01	0	0	3
530	773	3442	54.35	91.2	-0.5	54.35	91.2	0	3800000	1917.2	1917.2	0.01	0	0	3
531	774	3446	63.75	91.2	-0.5	63.75	91.2	0	3800000	1904	1904	0.01	0	0	3
532	775	3448	71.25	91.2	-0.5	71.25	91.2	0	2500000	1273.6	1273.6	0.01	0	0	2
533	776	3450	78.75	91.2	-0.5	78.75	91.2	0	2500000	1243.5	1243.5	0.01	0	0	2
534	777	3453	85.9	91.2	-0.5	85.9	91.2	0	3800000	1795.5	1795.5	0.01	0	0	3
535	778	3456	93.75	91.2	-0.5	93.75	91.2	0	3800000	1723.2	1723.2	0.01	0	0	3
536	779	3458	101.25	91.2	-0.5	101.25	91.2	0	3800000	1613.7	1613.7	0.01	0	0	3
537	780	3461	110.65	91.2	-0.5	110.65	91.2	0	3800000	1893.8	1893.8	0.01	0	0	3
538	781	3463	118.15	91.2	-0.5	118.15	91.2	0	2500000	1258.6	1258.6	0.01	0	0	2
539	782	3465	125.65	91.2	-0.5	125.65	91.2	0	2500000	1275.7	1275.7	0.01	0	0	2
540	783	3467	133.15	91.2	-0.5	133.15	91.2	0	3800000	1719.8	1719.8	0.01	0	0	3
541	784	3470	140.67	91.2	-0.5	140.67	91.2	0	3800000	1696.8	1696.8	0.01	0	0	3
542	785	3472	148.17	91.2	-0.5	148.17	91.2	0	3800000	1775.7	1775.7	0.01	0	0	3
543	786	3475	157.57	91.2	-0.5	157.57	91.2	0	3800000	1854.5	1854.5	0.01	0	0	3
544	787	3478	164.77	91.2	-0.5	164.77	91.2	0	3800000	1426.1	1426.1	0.01	0	0	3
545	788	3481	172.57	91.2	-0.5	172.57	91.2	0	3800000	1489.6	1489.6	0.01	0	0	3
546	789	3483	180.07	91.2	-0.5	180.07	91.2	0	3800000	1729.3	1729.3	0.01	0	0	3
547	790	3485	187.57	91.2	-0.5	187.57	91.2	0	3800000	1898.7	1898.7	0.01	0	0	3
548	791	3487	195.07	91.2	-0.5	195.07	91.2	0	3800000	1661.7	1661.7	0.01	0	0	3
549	792	3489	202.57	91.2	-0.5	202.57	91.2	0	3800000	1779	1779	0.01	0	0	3
550	793	3492	211.97	91.2	-0.5	211.97	91.2	0	3800000	1787.2	1787.2	0.01	0	0	3
551	794	3494	219.47	91.2	-0.5	219.47	91.2	0	3800000	1542.7	1542.7	0.01	0	0	3
552	795	3496	226.97	91.2	-0.5	226.97	91.2	0	2500000	1343.5	1343.5	0.01	0	0	2
553	796	3498	234.47	91.2	-0.5	234.47	91.2	0	2500000	990.8	990.8	0.01	0	0	2
554	797	3500	241.97	91.2	-0.5	241.97	91.2	0	3800000	1856.9	1856.9	0.01	0	0	3
555	798	3555	101.25	95.03	-0.5	101.25	95.03	0	2500000	766.7	766.7	0.01	0	0	2
556	799	3557	148.17	95.03	-0.5	148.17	95.03	0	2500000	698.3	698.3	0.01	0	0	2
557	800	3558	24.35	95.15	-0.5	24.35	95.15	0	2500000	673.7	673.7	0.01	0	0	2
558	801	3560	31.85	95.15	-0.5	31.85	95.15	0	2500000	866	866	0.01	0	0	2
559	802	3561	118.15	95.15	-0.5	118.15	95.15	0	2500000	743.7	743.7	0.01	0	0	2
560	803	3563	125.65	95.15	-0.5	125.65	95.15	0	2500000	757.7	757.7	0.01	0	0	2
561	804	3564	71.25	95.2	-0.5	71.25	95.2	0	2500000	699.3	699.3	0.01	0	0	2
562	805	3566	78.75	95.2	-0.5	78.75	95.2	0	2500000	698	698	0.01	0	0	2
563	806	3568	164.77	95.2	-0.5	164.77	95.2	0	2500000	717	717	0.01	0	0	2
564	807	3571	172.57	95.2	-0.5	172.57	95.2	0	2500000	713.7	713.7	0.01	0	0	2
565	808	3572	234.47	95.45	-0.5	234.47	95.45	0	1100000	564.6	564.6	0.01	0	0	1
566	809	3588	0	98.7	-0.5	0	98.7	0	2500000	817.1	817.1	0.01	0	0	2
567	810	3590	7.45	98.7	-0.5	7.45	98.7	0	2500000	928.3	928.3	0.01	0	0	2
568	811	3593	16.85	98.7	-0.5	16.85	98.7	0	2500000	927.7	927.7	0.01	0	0	2
569	812	3595	24.35	98.7	-0.5	24.35	98.7	0	2500000	667.6	667.6	0.01	0	0	2
570	813	3598	31.85	98.7	-0.5	31.85	98.7	0	2500000	834.4	834.4	0.01	0	0	2
571	814	3600	39.35	98.7	-0.5	39.35	98.7	0	1100000	225.5	225.5	0.01	0	0	1
572	815	3602	46.85	98.7	-0.5	46.85	98.7	0	2500000	1171.8	1171.8	0.01	0	0	2
573	816	3604	54.35	98.7	-0.5	54.35	98.7	0	2500000	978.3	978.3	0.01	0	0	2
574	817	3608	63.75	98.7	-0.5	63.75	98.7	0	2500000	983.5	983.5	0.01	0	0	2
575	818	3610	71.25	98.7	-0.5	71.25	98.7	0	2500000	846.3	846.3	0.01	0	0	2
576	819	3613	78.75	98.7	-0.5	78.75	98.7	0	2500000	837.8	837.8	0.01	0	0	2
577	820	3616	85.9	98.7	-0.5	85.9	98.7	0	2500000	964.6	964.6	0.01	0	0	2
578	821	3619	93.75	98.7	-0.5	93.75	98.7	0	2500000	902	902	0.01	0	0	2
579	822	3621	101.25	98.7	-0.5	101.25	98.7	0	2500000	878.3	878.3	0.01	0	0	2
580	823	3624	110.65	98.7	-0.5	110.65	98.7	0	2500000	981.8	981.8	0.01	0	0	2
581	824	3626	118.15	98.7	-0.5	118.15	98.7	0	2500000	693.7	693.7	0.01	0	0	2
582	825	3629	125.65	98.7	-0.5	125.65	98.7	0	2500000	704.6	704.6	0.01	0	0	2
583	826	3631	133.15	98.7	-0.5	133.15	98.7	0	2500000	901.9	901.9	0.01	0	0	2
584	827	3634	140.67	98.7	-0.5	140.67	98.7	0	2500000	891.5	891.5	0.01	0	0	2
585	828	3636	148.17	98.7	-0.5	148.17	98.7	0	2500000	786.4	786.4	0.01	0	0	2
586	829	3639	157.57	98.7	-0.5	157.57	98.7	0	2500000	957.1	957.1	0.01	0	0	2
587	830	3642	164.77	98.7	-0.5	164.77	98.7	0	3800000	1085.5	1085.5	0.01	0	0	3
588	831	3646	172.57	98.7	-0.5	172.57	98.7	0	2500000	896.6	896.6	0.01	0	0	2
589	832	3648	180.07	98.7	-0.5	180.07	98.7	0	2500000	893.7	893.7	0.01	0	0	2
590	833	3650	187.57	98.7	-0.5	187.57	98.7	0	2500000	946.4	946.4	0.01	0	0	2
591	834	3652	195.07	98.7	-0.5	195.07	98.7	0	2500000	875	875	0.01	0	0	2
592	835	3654	202.57	98.7	-0.5	202.57	98.7	0	2500000	926.9	926.9	0.01	0	0	2
593	836	3657	211.97	98.7	-0.5	211.97	98.7	0	2500000	930.6	930.6	0.01	0	0	2
594	837	3659	219.47	98.7	-0.5	219.47	98.7	0	2500000	809.6	809.6	0.01	0	0	2
595	838	3661	226.97	98.7	-0.5	226.97	98.7	0	2500000	780.2	780.2	0.01	0	0	2
596	839	3663	234.47	98.7	-0.5	234.47	98.7	0	1100000	440.7	440.7	0.01	0	0	1
597	840	3665	241.97	98.7	-0.5	241.97	98.7	0	2500000	836.2	836.2	0.01	0	0	2
598	13794	13661	-7.4	0	12.7	-7.4	0	13.2	1100000	170.9	170.9	0	0	0	1
599	13795	13662	-7.4	19.35	12.7	-7.4	19.35	13.2	2500000	725.4	725.4	0	0	0	2
600	13796	13663	-7.4	34.35	12.7	-7.4	34.35	13.2	1100000	652	652	0	0	0	1
601	13797	13664	-7.4	49.35	12.7	-7.4	49.35	13.2	1100000	658.6	658.6	0	0	0	1
602	13798	13665	-7.4	64.35	12.7	-7.4	64.35	13.2	1100000	574.8	574.8	0	0	0	1
603	13799	13666	-7.4	76.2	12.7	-7.4	76.2	13.2	1100000	535.6	535.6	0	0	0	1
604	13800	13667	-7.4	91.2	12.7	-7.4	91.2	13.2	1100000	650	650	0	0	0	1
605	13809	13695	-7.4	7.74	12.7	-7.4	7.74	13.2	1100000	451.5	451.5	0.01	0	0	1
606	13814	13813	263.22	44.35	-0.5	263.22	44.35	0	2500000	949.5	949.5	0.01	0	0	2
607	13815	13812	263.22	34.75	-0.5	263.22	34.75	0	2500000	997.7	997.7	0.01	0	0	2
608	13816	13811	263.22	25.6	-0.5	263.22	25.6	0	2500000	1010.5	1010.5	0.01	0	0	2
609	13817	13810	263.22	16.45	-0.5	263.22	16.45	0	2500000	1013.6	1013.6	0.01	0	0	2